9381.34
3307.38
1184.47
423.169
160.193
61.8301
27.2771
14.0686
9.37838
7.88663
7.14018
6.93265
6.65912
6.53612
6.49425
6.3989
6.29471
6.28025
6.18283
6.09434
6.05291
6.04219
6.04286
6.19649
5.9433
5.95628
5.89429
5.91385
5.90839
5.87313
5.84457
5.84488
5.86513
5.81853
5.80321
5.81091
5.79999
5.7922
5.81664
5.81808
5.78915
5.85568
5.77026
5.80774
5.76465
5.79968
5.81297
5.77634
5.75441
5.75065
5.75155
5.77705
5.77897
5.77596
5.75415
5.74973
5.75292
5.74827
5.74186
5.85114
5.74345
5.74235
5.80606
5.78385
5.73974
5.86056
5.78523
5.78221
5.83288
5.74573
5.75612
5.76293
5.74464
5.7883
5.75675
5.75917
5.75907
5.80784
5.74191
5.85987
5.80309
5.85468
5.78342
5.75513
5.81392
5.82673
5.74072
5.78002
5.75169
5.78569
5.73992
5.75565
5.77699
5.76684
5.81594
5.74985
5.77593
5.74305
5.87619
5.74939
5.78068
5.75137
5.82113
5.79628
5.7524
5.7455
5.7882
5.74356
5.74566
5.76956
5.74626
5.74638
5.89373
5.74221
5.74054
5.74145
5.8356
5.75316
5.78585
5.74372
5.90001
5.93902
5.82208
5.75043
5.82043
5.74221
5.77018
5.74177
5.75286
5.78293
5.75382
5.74878
5.74406
5.84101
5.77259
5.75372
5.73953
5.81353
5.74224
5.77329
5.79638
5.77482
5.76791
5.77086
5.75748
5.74081
5.74033
5.74131
5.78861
5.74384
5.76813
5.77747
5.74226
5.74169
5.74615
5.74525
5.76631
5.76812
5.7399
5.77801
5.75283
5.74775
5.75774
5.7587
5.78299
5.82205
5.7422
5.79894
5.81518
5.74367
5.78924
5.74508
5.75477
5.7807
5.77329
5.87416
5.79736
5.84676
5.90866
5.75986
5.74281
5.74662
5.75502
5.78274
5.7897
5.81312
5.75644
5.74732
5.75428
5.74197
5.77601
5.7877
5.78421
5.74055
5.79095
5.75553
5.78619
5.75439
5.7983
5.77668
